Material Name:	TKES M 330-35 A
Comment:	PowerCore® M 330-35 A by ThyssenKrupp
Expire Date:	01.01.16
Mass Density:	7650	kg/m^3
Temperature:	23	°C
H[A/m]	B[T]	J[T]
0	0	0
27.335	0.09846	0.09842565
36.859	0.19567	0.1956237
43.131	0.29244	0.2923858
48.591	0.38881	0.3887489
54.312	0.4886	0.4885317
60.52	0.58839	0.5883139
67.721	0.68821	0.6881249
76.527	0.79188	0.7917839
87.672	0.89048	0.8903698
102.445	0.99328	0.9931512
123.899	1.09479	1.094634
158.395	1.19935	1.199151
225.792	1.29923	1.298946
414.968	1.40056	1.400039
1123.928	1.49996	1.498548
1924.754	1.55171	1.549291
3058.913	1.60304	1.599196
4999.998	1.67057	1.664287
9999.996	1.79413	1.781564
15000	1.88241	1.86356
20000	1.94458	1.919447
25000	1.98775	1.956334
30000.01	2.01739	1.979691
35000	2.03634	1.992358
39999.99	2.04925	1.998984

f=0 Hz
B[T]	P[W/kg]
0.09846	0.01734
0.19567	0.06197
0.29244	0.12289
0.38881	0.19475
0.4886	0.27956
0.58839	0.37301
0.68821	0.47632
0.79188	0.59449
0.89048	0.71671
0.99328	0.8605
1.09479	1.01796
1.19935	1.20166
1.29923	1.4015
1.40056	1.67184
1.49996	1.97793
1.55171	2.13313
1.60304	2.22743

f=50 Hz
B[T]	P[W/kg]
0.09992	0.02037
0.19995	0.07803
0.29994	0.16117
0.39985	0.26273
0.50009	0.38048
0.59995	0.51189
0.70001	0.65779
0.79989	0.81814
0.89983	0.99497
0.99992	1.18939
1.09987	1.4064
1.20007	1.65472
1.3001	1.94731
1.40052	2.29882
1.50131	2.73614
1.60374	3.12889
1.70782	3.45747
1.81368	3.76243
1.92255	4.05559

f=60 Hz
B[T]	P[W/kg]
0.10004	0.02541
0.19994	0.09698
0.30007	0.20074
0.39972	0.32723
0.49978	0.47429
0.59989	0.63941
0.69992	0.82244
0.8	1.02438
0.89983	1.24602
0.99988	1.49083
1.10014	1.76364
1.19989	2.0735
1.29986	2.44088
1.40051	2.88108
1.50122	3.42604
1.60382	3.91712
1.70774	4.34399
1.81373	4.75126
1.92269	5.14097

f=100 Hz
B[T]	P[W/kg]
0.09996	0.04629
0.20002	0.17849
0.30001	0.37274
0.3997	0.61367
0.49979	0.89628
0.59988	1.21691
0.69994	1.57429
0.80002	1.96884
0.89964	2.40117
0.99989	2.87653
1.09975	3.40753
1.19979	4.00879
1.30005	4.71954
1.40033	5.55199
1.50134	6.60163
1.60386	7.60021
1.70785	8.52827
1.81377	9.48675
1.88	10.12089

f=200 Hz
B[T]	P[W/kg]
0.09997	0.11434
0.19996	0.43954
0.30006	0.92531
0.39997	1.53869
0.50005	2.2624
0.59994	3.09223
0.69994	4.02702
0.79978	5.07164
0.89984	6.23572
0.99977	7.53083
1.09977	8.97555
1.20016	10.61466
1.29996	12.50512
1.40037	14.70237
1.50118	17.48892
1.60373	20.34938
1.70785	23.1876

f=400 Hz
B[T]	P[W/kg]
0.1	0.29881
0.19995	1.14184
0.29974	2.41216
0.39998	4.02841
0.50013	5.95547
0.59992	8.19791
0.69987	10.76678
0.79993	13.70554
0.90003	17.03543
0.99991	20.83775
1.10015	25.20126
1.20001	30.19324
1.30029	35.9717
1.40037	42.88213
1.50132	51.70158
1.58532	60.13229

f=500 Hz
B[T]	P[W/kg]
0.09996	0.41473
0.20008	1.59267
0.30007	3.34688
0.4	5.5742
0.49995	8.25694
0.60004	11.39137
0.70005	15.00404
0.8	19.18027
0.89989	23.97601
1.00012	29.5188
1.09995	35.8751
1.20004	43.268
1.29534	51.77728
1.40058	61.77183
1.50099	74.35767
1.5772	85.44064
1.58391	86.42832

f=700 Hz
B[T]	P[W/kg]
0.09995	0.69371
0.20004	2.64242
0.29979	5.51481
0.39991	9.2074
0.49996	13.65232
0.60014	18.95702
0.69982	25.17665
0.79988	32.47982
0.89991	41.00983
1.00009	50.89881
1.10027	62.44588
1.19992	75.80214
1.29995	91.28649
1.40043	109.5026
1.50076	132.2255

f=1000 Hz
B[T]	P[W/kg]
0.10002	1.23461
0.20003	4.58072
0.29987	9.47934
0.39994	15.75821
0.50005	23.46815
0.60013	32.75644
0.70012	43.76305
0.80015	57.0045
0.89999	72.62145
1.00004	91.16876
1.09991	112.9866
1.20038	138.7327
1.30011	169.2438
1.40024	204.3406
1.50125	247.6548
1.58063	287.0532

f=2000 Hz
B[T]	P[W/kg]
0.09994	3.76818
0.20003	13.37275
0.29989	27.1937
0.39976	45.2309
0.50018	68.42508
0.59834	96.81718
0.69931	133.0073
0.80035	178.2281
0.89912	232.9011
1.00054	300.3071
1.0974	377.0428
1.20047	473.571
1.29926	581.875
1.39972	710.3835
1.49998	866.0739

