Material Name:	TKES M 400-50 A
Comment:	PowerCore® M 400-50 A by ThyssenKrupp
Expire Date:	01.01.16
Mass Density:	7700	kg/m^3
Temperature:	23	°C
H[A/m]	B[T]	J[T]
0	0	0
35.848	0.09879	0.09874495
48.966	0.19864	0.1985785
57.791	0.29241	0.2923374
65.525	0.38945	0.3893677
72.972	0.48676	0.4866683
81.015	0.58528	0.5851782
90.398	0.68671	0.6865964
101.324	0.78663	0.7865027
115.027	0.88726	0.8871155
133.599	0.99347	0.9933021
159.791	1.09269	1.092489
201.091	1.19341	1.193157
282.499	1.29638	1.296025
497.09	1.39914	1.398515
1247.308	1.50004	1.498473
2069.046	1.55104	1.54844
3252.301	1.60322	1.599133
4999.998	1.66228	1.655997
9999.997	1.78609	1.773524
15000	1.87454	1.85569
19999.99	1.93995	1.914817
25000	1.98453	1.953114
29999.99	2.01638	1.978681
34999.99	2.0371	1.993118
40000	2.05128	2.001014

f=0 Hz
B[T]	P[W/kg]
0.09879	0.01982
0.19864	0.07689
0.29241	0.15375
0.38945	0.24963
0.48676	0.35486
0.58528	0.47394
0.68671	0.60689
0.78663	0.74799
0.88726	0.90317
0.99347	1.08477
1.09269	1.2698
1.19341	1.48446
1.29638	1.74024
1.39914	2.04497
1.50004	2.38987
1.55104	2.52998
1.60322	2.70058

f=50 Hz
B[T]	P[W/kg]
0.1	0.02344
0.19997	0.09512
0.29987	0.20008
0.39989	0.32884
0.49993	0.47755
0.59982	0.64503
0.69998	0.83049
0.8	1.03463
0.89992	1.25876
1.00024	1.50571
1.10026	1.7793
1.20007	2.08682
1.30044	2.4469
1.40047	2.85788
1.50144	3.3628
1.60392	3.82278
1.70804	4.21135
1.81434	4.63267
1.92407	5.14419

f=60 Hz
B[T]	P[W/kg]
0.09997	0.02882
0.20007	0.11732
0.29996	0.24773
0.40004	0.4086
0.50003	0.59527
0.60004	0.80584
0.70005	1.04003
0.79991	1.29733
0.90011	1.58186
1	1.89472
1.10021	2.24151
1.19998	2.63085
1.30012	3.08527
1.40058	3.60662
1.50115	4.23844
1.60393	4.82806
1.70818	5.33046
1.8149	5.94454
1.92369	6.50221

f=100 Hz
B[T]	P[W/kg]
0.1	0.05363
0.20002	0.21788
0.29989	0.4634
0.39979	0.7697
0.50004	1.13057
0.59996	1.54034
0.70005	2.00024
0.79999	2.51278
0.89969	3.07997
0.99998	3.71486
1.1	4.4194
1.19981	5.20657
1.30007	6.06944
1.40021	7.14129
1.50148	8.39713
1.60413	9.67816
1.7081	10.85122
1.81452	12.07067
1.87256	12.90734

f=200 Hz
B[T]	P[W/kg]
0.10004	0.13506
0.20005	0.54296
0.29997	1.16042
0.39989	1.94274
0.50009	2.87911
0.59996	3.96168
0.70013	5.20334
0.7999	6.61314
0.89995	8.21752
0.99971	10.0288
1.09996	12.0888
1.19999	14.40871
1.30047	16.88518
1.4003	19.85455
1.5012	23.33261

f=400 Hz
B[T]	P[W/kg]
0.10005	0.36542
0.2	1.44562
0.29985	3.06717
0.3999	5.15449
0.49996	7.68867
0.60018	10.70728
0.70015	14.251
0.80004	18.41435
0.90008	23.30474
1.00009	28.98025
1.1	35.55153
1.19999	43.13055
1.30011	51.69725
1.40045	61.26508
1.50131	72.68681
1.5769	82.47587

f=500 Hz
B[T]	P[W/kg]
0.10002	0.51325
0.20006	2.01674
0.3	4.26075
0.40005	7.16113
0.49983	10.69405
0.59993	14.94457
0.70004	20.03816
0.8	26.09068
0.90002	33.23368
1.00023	41.62698
1.09993	51.3227
1.20022	62.66474
1.3001	75.44065
1.40037	89.77103
1.50115	106.5072
1.57569	120.7594

f=700 Hz
B[T]	P[W/kg]
0.09996	0.89151
0.20006	3.40118
0.29994	7.14019
0.39997	11.96945
0.49995	18.01255
0.59985	25.4362
0.7002	34.52304
0.80006	45.34992
0.90028	58.37709
0.99999	73.69421
1.10032	91.84527
1.20056	113.0891
1.3001	137.1715
1.40032	163.9748
1.50157	195.2984

f=1000 Hz
B[T]	P[W/kg]
0.10003	1.55344
0.20012	5.78368
0.30011	12.01919
0.39999	20.2128
0.50017	30.66614
0.60021	43.72977
0.69997	59.99757
0.80027	80.09268
0.89999	104.3348
1.00015	133.8697
1.10048	168.6095
1.20049	209.2049
1.30071	255.8942

f=2000 Hz
B[T]	P[W/kg]
0.10001	4.73849
0.19981	16.70956
0.29902	34.2477
0.39908	58.64114
0.49849	90.95109
0.59866	133.7385
0.6984	189.4635
0.80034	261.1876
0.90066	348.6581
1.00066	454.7354
1.10111	580.2058
1.20061	725.5502

