Material Name:	TKES 330-50 PP
Comment:	PowerCore® 330-50 PP by ThyssenKrupp
Expire Date:	01.01.16
Mass Density:	7750	kg/m^3
Temperature:	23	°C
H[A/m]	B[T]	J[T]
0	0	0
29.857	0.34218	0.3421425
32.323	0.42002	0.4199794
36.045	0.552	0.5519547
40.404	0.67126	0.6712092
45.29	0.77321	0.7731531
51.809	0.88149	0.8814249
60.634	0.99682	0.9967438
73.44	1.08996	1.089868
93.798	1.19431	1.194192
133.116	1.29769	1.297523
238.242	1.39724	1.396941
669.605	1.50079	1.499949
1219.635	1.54995	1.548417
2128.286	1.60168	1.599006
3344.365	1.6531	1.648897
4922.348	1.70569	1.699504
5000	1.7081	1.701817
7999.998	1.78541	1.775357
10000	1.8283	1.815734
15000	1.91239	1.893541
20000	1.96956	1.944427
24999.99	2.01112	1.979704
30000	2.03725	1.999551
35000	2.05471	2.010728
39999.98	2.0674	2.017134

f=0 Hz
B[T]	P[W/kg]
0.34218	0.12631
0.42002	0.16815
0.552	0.25296
0.67126	0.33983
0.77321	0.4237
0.88149	0.52067
0.99682	0.62884
1.08996	0.74416
1.19431	0.88416
1.29769	1.05482
1.39724	1.2758
1.50079	1.63625
1.54995	1.86648
1.60168	2.06352
1.6531	2.36106
1.70569	2.92051

f=50 Hz
B[T]	P[W/kg]
0.09994	0.01813
0.19992	0.06714
0.29971	0.1401
0.39976	0.23307
0.49986	0.34393
0.5999	0.47205
0.69994	0.61699
0.8	0.77936
0.89976	0.95884
1.00007	1.15905
1.10004	1.37993
1.19969	1.62832
1.29983	1.91982
1.40025	2.28817
1.50044	2.7782
1.60242	3.4891
1.70603	4.16814
1.81129	4.68918
1.91979	5.12364

f=60 Hz
B[T]	P[W/kg]
0.10003	0.02284
0.19996	0.08487
0.29971	0.17771
0.39972	0.29656
0.49974	0.43897
0.59973	0.60387
0.69987	0.79131
0.8	1.00211
0.89968	1.23613
0.99997	1.49672
1.10006	1.78575
1.19984	2.10991
1.29979	2.48355
1.40011	2.95535
1.50057	3.57735
1.6023	4.46147
1.70587	5.32293
1.8115	5.98825
1.91962	6.53747

f=100 Hz
B[T]	P[W/kg]
0.10004	0.0449
0.19998	0.16808
0.29978	0.3551
0.40008	0.59811
0.49992	0.89104
0.5998	1.23405
0.69984	1.62925
0.8001	2.07944
0.89995	2.58529
0.99974	3.15189
1.09998	3.78682
1.19997	4.49263
1.30028	5.29625
1.39989	6.21935
1.50089	7.50511
1.60246	9.22178
1.70594	10.92087
1.81164	12.35154
1.91978	13.89771

f=200 Hz
B[T]	P[W/kg]
0.10002	0.1238
0.20001	0.46444
0.29973	0.98201
0.3999	1.65536
0.49998	2.47868
0.60009	3.45805
0.69996	4.59917
0.79999	5.92507
0.90009	7.45229
0.9999	9.19592
1.09981	11.11258
1.19994	13.36351
1.29992	15.92802
1.40007	18.90505
1.50048	22.62307
1.60235	27.53567
1.70611	32.91351
1.81135	38.12841

f=400 Hz
B[T]	P[W/kg]
0.09994	0.36362
0.20007	1.33701
0.29985	2.79523
0.39991	4.70045
0.50011	7.0659
0.60016	9.94087
0.7	13.35431
0.80012	17.42231
0.90014	22.21842
0.99989	27.83873
1.09986	34.46988
1.19994	42.27961
1.30002	51.49986
1.40037	62.44075
1.50064	75.25111
1.60231	91.28131

f=500 Hz
B[T]	P[W/kg]
0.1	0.51547
0.20002	1.90145
0.29985	3.95755
0.40001	6.65743
0.50003	10.02746
0.59996	14.1292
0.69979	19.07759
0.80008	25.03498
0.90022	32.13067
1.00012	40.50685
1.10034	50.42938
1.19997	62.21938
1.30009	76.3513
1.40012	93.14877
1.50037	112.4461
1.60233	136.0637
1.62453	141.5666

f=1000 Hz
B[T]	P[W/kg]
0.10006	1.66124
0.20002	5.88634
0.30012	12.11476
0.40012	20.46003
0.5001	31.17586
0.59987	44.57235
0.70043	61.37377
0.80026	82.02174
0.90005	107.2011
0.99996	138.2942
1.10039	175.5343
1.20081	220.0417
1.30035	272.6606
1.40071	335.2642

f=2000 Hz
B[T]	P[W/kg]
0.09977	5.09934
0.19981	17.63032
0.30002	36.21307
0.40011	62.08737
0.50022	96.58155
0.59958	141.4269
0.70025	201.0373
0.80062	276.2011
0.89903	367.0931
1.00052	483.3984
1.1007	622.1937
1.20118	781.71

