Material Name:	TKES 270-50 PP
Comment:	PowerCore® 270-50 PP by ThyssenKrupp
Expire Date:	01.01.16
Mass Density:	7700	kg/m^3
Temperature:	23	°C
H[A/m]	B[T]	J[T]
0	0	0
21.779	0.10003	0.1000026
30.499	0.20104	0.2010017
35.622	0.30005	0.3000052
39.83	0.40006	0.40001
43.751	0.50107	0.5010151
47.431	0.60007	0.6000104
51.382	0.70108	0.7010155
55.514	0.80109	0.8010203
60.081	0.9011	0.9010245
65.644	1.00112	1.001037
73.797	1.10113	1.101037
87.925	1.20014	1.200029
117.179	1.30119	1.301043
198.053	1.40029	1.400041
529.639	1.50171	1.501045
1881.411	1.60341	1.601046
4618.173	1.70585	1.700047
9014.195	1.81138	1.800052
15852.62	1.91698	1.897059
21439.17	1.975	1.948059
25014.95	2.00149	1.970055

f=50 Hz
B[T]	P[W/kg]
0.10003	0.015
0.20104	0.066
0.30005	0.145
0.40006	0.244
0.50107	0.361
0.60007	0.494
0.70108	0.642
0.80109	0.807
0.9011	0.99
1.00112	1.191
1.10113	1.414
1.20014	1.665
1.30119	1.953
1.40029	2.304
1.50171	2.761
1.60341	3.38
1.70585	4.085
1.81138	5.1
1.91698	7.72

f=60 Hz
B[T]	P[W/kg]
0.10103	0.019
0.20004	0.08
0.30105	0.175
0.40006	0.296
0.50007	0.44
0.60107	0.606
0.70108	0.792
0.80109	0.999
0.9001	1.229
1.00111	1.482
1.10113	1.762
1.20115	2.073
1.30118	2.428
1.40128	2.857
1.5027	3.432
1.61645	4.164
1.718	4.915
1.8115	5.483
1.91936	6.043

f=100 Hz
B[T]	P[W/kg]
0.10103	0.038
0.20104	0.16
0.30106	0.349
0.40007	0.593
0.50108	0.885
0.60009	1.223
0.7001	1.608
0.8011	2.044
0.90112	2.532
1.00113	3.077
1.10115	3.685
1.20016	4.364
1.30019	5.129
1.40128	6.029
1.50069	7.177
1.60246	8.687
1.70604	10.24
1.80641	11.468
1.91883	12.832

f=400 Hz
B[T]	P[W/kg]
0.10004	0.326
0.20107	1.27
0.30009	2.689
0.40111	4.509
0.50113	6.734
0.60115	9.41
0.70117	12.602
0.80119	16.613
0.90023	21.194
1.00025	26.658
1.1013	33.171
1.20134	40.924
1.30039	50.167
1.40446	61.292
1.49763	73.876

f=1000 Hz
B[T]	P[W/kg]
0.10106	1.502
0.2011	5.373
0.30013	11.045
0.40016	18.518
0.5002	28.558
0.60124	40.927

